40.48555556 -80.33252778 -1.175053 3.00 0.50
40.48554730 -80.33252327 -1.175053 3.00 0.50
40.48553904 -80.33251877 -1.175053 3.00 0.50
40.48553078 -80.33251426 -1.175053 3.00 0.50
40.48552252 -80.33250976 -1.175053 3.00 0.50
40.48551426 -80.33250526 -1.175053 3.00 0.50
40.48550601 -80.33250075 -1.175053 3.00 0.50
40.48549775 -80.33249625 -1.175053 3.00 0.50
40.48548949 -80.33249174 -1.175053 3.00 0.50
40.48548123 -80.33248724 -1.175053 3.00 0.50
40.48547297 -80.33248273 -1.175053 3.00 0.50
40.48546471 -80.33247823 -1.175053 3.00 0.50
40.48545646 -80.33247372 -1.175053 3.00 0.50
40.48544820 -80.33246922 -1.175053 3.00 0.50
40.48543994 -80.33246471 -1.175053 3.00 0.50
40.48543168 -80.33246021 -1.175053 3.00 0.50
40.48542342 -80.33245571 -1.175053 3.00 0.50
40.48541517 -80.33245120 -1.175053 3.00 0.50
40.48540691 -80.33244670 -1.175053 3.00 0.50
40.48539865 -80.33244219 -1.175053 3.00 0.50
40.48539039 -80.33243769 -1.175053 3.00 0.50
40.48538213 -80.33243318 -1.175053 3.00 0.50
40.48537387 -80.33242868 -1.175053 3.00 0.50
40.48536562 -80.33242417 -1.175053 3.00 0.50
40.48535736 -80.33241967 -1.175053 3.00 0.50
40.48534910 -80.33241517 -1.175053 3.00 0.50
40.48534084 -80.33241066 -1.175053 3.00 0.50
40.48533258 -80.33240616 -1.175053 3.00 0.50
40.48532432 -80.33240165 -1.175053 3.00 0.50
40.48531607 -80.33239715 -1.175053 3.00 0.50
40.48530781 -80.33239264 -1.175053 3.00 0.50
40.48529955 -80.33238814 -1.175053 3.00 0.50
40.48529129 -80.33238363 -1.175053 3.00 0.50
40.48528303 -80.33237913 -1.175053 3.00 0.50
40.48527477 -80.33237462 -1.175053 3.00 0.50
40.48526652 -80.33237012 -1.175053 3.00 0.50
40.48525826 -80.33236562 -1.175053 3.00 0.50
40.48525000 -80.33236111 -1.175053 3.00 0.50
40.48524244 -80.33235491 -0.844539 1.50 0.30
40.48523683 -80.33234584 -0.514026 1.50 0.30
40.48523378 -80.33233488 -0.183512 1.50 0.30
40.48523362 -80.33232323 0.147002 1.50 0.30
40.48523636 -80.33231213 0.477516 1.50 0.30
40.48524171 -80.33230280 0.808029 1.50 0.30
40.48524909 -80.33229624 1.138543 1.50 0.30
40.48525771 -80.33229317 1.469057 1.50 0.30
40.48526662 -80.33229391 1.799571 1.50 0.30
40.48527486 -80.33229838 2.130085 1.50 0.30
40.48528245 -80.33230458 2.130085 3.00 0.50
40.48529003 -80.33231078 2.130085 3.00 0.50
40.48529762 -80.33231698 2.130085 3.00 0.50
40.48530521 -80.33232318 2.130085 3.00 0.50
40.48531279 -80.33232938 2.130085 3.00 0.50
40.48532038 -80.33233558 2.130085 3.00 0.50
40.48532797 -80.33234178 2.130085 3.00 0.50
40.48533555 -80.33234798 2.130085 3.00 0.50
40.48534314 -80.33235418 2.130085 3.00 0.50
40.48535073 -80.33236038 2.130085 3.00 0.50
40.48535831 -80.33236658 2.130085 3.00 0.50
40.48536590 -80.33237278 2.130085 3.00 0.50
40.48537348 -80.33237898 2.130085 3.00 0.50
40.48538107 -80.33238518 2.130085 3.00 0.50
40.48538866 -80.33239138 2.130085 3.00 0.50
40.48539624 -80.33239758 2.130085 3.00 0.50
40.48540383 -80.33240378 2.130085 3.00 0.50
40.48541142 -80.33240998 2.130085 3.00 0.50
40.48541900 -80.33241618 2.130085 3.00 0.50
40.48542659 -80.33242238 2.130085 3.00 0.50
40.48543417 -80.33242858 2.130085 3.00 0.50
40.48544176 -80.33243478 2.130085 3.00 0.50
40.48544935 -80.33244098 2.130085 3.00 0.50
40.48545693 -80.33244718 2.130085 3.00 0.50
40.48546452 -80.33245338 2.130085 3.00 0.50
40.48547211 -80.33245958 2.130085 3.00 0.50
40.48547969 -80.33246578 2.130085 3.00 0.50
40.48548728 -80.33247198 2.130085 3.00 0.50
40.48549487 -80.33247818 2.130085 3.00 0.50
40.48550245 -80.33248438 2.130085 3.00 0.50
40.48551004 -80.33249058 2.130085 3.00 0.50
40.48551762 -80.33249678 2.130085 3.00 0.50
40.48552521 -80.33250298 2.130085 3.00 0.50
40.48553280 -80.33250918 2.130085 3.00 0.50
40.48554038 -80.33251538 2.130085 3.00 0.50
40.48554797 -80.33252158 2.130085 3.00 0.50
40.48555556 -80.33252778 2.130085 3.00 0.50
