40.485591392 -80.332424788 5.037478 2.00 0.40
40.485587110 -80.332422904 5.037478 2.00 0.40
40.485582827 -80.332421019 5.037478 2.00 0.40
40.485578544 -80.332419134 5.037478 2.00 0.40
40.485574261 -80.332417250 5.037478 2.00 0.40
40.485569978 -80.332415365 5.037478 2.00 0.40
40.485565695 -80.332413480 5.037478 2.00 0.40
40.485561413 -80.332411596 5.037478 2.00 0.40
40.485557130 -80.332409711 5.037478 2.00 0.40
40.485552847 -80.332407827 5.037478 2.00 0.40
40.485548564 -80.332405942 5.037478 2.00 0.40
40.485544281 -80.332404057 5.037478 2.00 0.40
40.485539999 -80.332402173 5.037478 2.00 0.40
40.485535716 -80.332400288 5.037478 2.00 0.40
40.485531433 -80.332398403 5.037478 2.00 0.40
40.485527150 -80.332396519 5.037478 2.00 0.40
40.485522867 -80.332394634 5.037478 2.00 0.40
40.485518585 -80.332392750 5.037478 2.00 0.40
40.485514302 -80.332390865 5.037478 2.00 0.40
40.485510019 -80.332388980 5.037478 2.00 0.40
40.485505736 -80.332387096 5.037478 2.00 0.40
40.485501453 -80.332385211 5.037478 2.00 0.40
40.485497171 -80.332383326 5.037478 2.00 0.40
40.485492888 -80.332381442 5.037478 2.00 0.40
40.485488605 -80.332379557 5.037478 2.00 0.40
40.485484322 -80.332377672 5.037478 2.00 0.40
40.485480039 -80.332375788 5.037478 2.00 0.40
40.485475756 -80.332373903 5.037478 2.00 0.40
40.485471474 -80.332372019 5.037478 2.00 0.40
40.485467191 -80.332370134 5.037478 2.00 0.40
40.485462908 -80.332368249 5.037478 2.00 0.40
40.485458625 -80.332366365 5.037478 2.00 0.40
40.485454342 -80.332364480 5.037478 2.00 0.40
40.485450060 -80.332362595 5.037478 2.00 0.40
40.485445777 -80.332360711 5.037478 2.00 0.40
40.485441494 -80.332358826 5.037478 2.00 0.40
40.485437211 -80.332356942 5.037478 2.00 0.40
40.485432928 -80.332355057 5.037478 2.00 0.40
40.485428646 -80.332353172 5.037478 2.00 0.40
40.485424363 -80.332351288 5.037478 2.00 0.40
40.485420080 -80.332349403 5.037478 2.00 0.40
40.485415797 -80.332347518 5.037478 2.00 0.40
40.485411514 -80.332345634 5.037478 2.00 0.40
40.485407231 -80.332343749 5.037478 2.00 0.40
40.485402949 -80.332341865 5.037478 2.00 0.40
40.485398666 -80.332339980 5.037478 2.00 0.40
40.485394383 -80.332338095 5.037478 2.00 0.40
40.485390100 -80.332336211 5.037478 2.00 0.40
40.485385817 -80.332334326 4.988330 2.00 0.40
40.485384192 -80.332333725 4.890035 2.00 0.40
40.485382530 -80.332333336 4.791740 2.00 0.40
40.485380847 -80.332333161 4.693444 2.00 0.40
40.485379158 -80.332333203 4.595149 2.00 0.40
40.485377481 -80.332333461 4.496854 2.00 0.40
40.485375831 -80.332333932 4.398559 2.00 0.40
40.485374225 -80.332334613 4.300264 2.00 0.40
40.485372677 -80.332335496 4.201969 2.00 0.40
40.485371204 -80.332336573 4.103674 2.00 0.40
40.485369818 -80.332337834 4.005378 2.00 0.40
40.485368534 -80.332339266 3.907083 2.00 0.40
40.485367364 -80.332340856 3.808788 2.00 0.40
40.485366319 -80.332342588 3.710493 2.00 0.40
40.485365409 -80.332344446 3.612198 2.00 0.40
40.485364643 -80.332346411 3.513903 2.00 0.40
40.485364029 -80.332348465 3.464755 2.00 0.40
40.485362641 -80.332353876 3.464755 2.00 0.40
40.485361253 -80.332359286 3.464755 2.00 0.40
40.485359865 -80.332364697 3.464755 2.00 0.40
40.485358477 -80.332370107 3.464755 2.00 0.40
40.485357090 -80.332375518 3.464755 2.00 0.40
40.485355702 -80.332380928 3.464755 2.00 0.40
40.485354314 -80.332386339 3.464755 2.00 0.40
40.485352926 -80.332391750 3.464755 2.00 0.40
40.485351538 -80.332397160 3.464755 2.00 0.40
40.485350150 -80.332402571 3.464755 2.00 0.40
40.485348762 -80.332407981 3.464755 2.00 0.40
40.485347374 -80.332413392 3.464755 2.00 0.40
40.485345986 -80.332418802 3.464755 2.00 0.40
40.485344599 -80.332424213 3.464755 2.00 0.40
40.485343211 -80.332429624 3.464755 2.00 0.40
40.485341823 -80.332435034 3.464755 2.00 0.40
40.485340435 -80.332440445 3.464755 2.00 0.40
40.485339047 -80.332445855 3.464755 2.00 0.40
40.485337659 -80.332451266 3.464755 2.00 0.40
40.485336271 -80.332456676 3.464755 2.00 0.40
40.485334883 -80.332462087 3.464755 2.00 0.40
40.485333496 -80.332467498 3.464755 2.00 0.40
40.485332108 -80.332472908 3.464755 2.00 0.40
40.485330720 -80.332478319 3.464755 2.00 0.40
40.485329332 -80.332483729 3.464755 2.00 0.40
40.485327944 -80.332489140 3.464755 2.00 0.40
40.485326556 -80.332494550 3.464755 2.00 0.40
40.485325168 -80.332499961 3.415154 2.00 0.40
40.485324708 -80.332502103 3.315952 2.00 0.40
40.485324412 -80.332504295 3.216751 2.00 0.40
40.485324284 -80.332506514 3.117549 2.00 0.40
40.485324325 -80.332508739 3.018347 2.00 0.40
40.485324535 -80.332510947 2.919145 2.00 0.40
40.485324911 -80.332513117 2.819944 2.00 0.40
40.485325449 -80.332515229 2.720742 2.00 0.40
40.485326146 -80.332517260 2.621540 2.00 0.40
40.485326993 -80.332519191 2.522338 2.00 0.40
40.485327982 -80.332521003 2.423136 2.00 0.40
40.485329104 -80.332522678 2.323935 2.00 0.40
40.485330347 -80.332524200 2.224733 2.00 0.40
40.485331700 -80.332525554 2.125531 2.00 0.40
40.485333149 -80.332526726 2.026329 2.00 0.40
40.485334680 -80.332527705 1.927128 2.00 0.40
40.485336277 -80.332528481 1.877527 2.00 0.40
40.485340502 -80.332530228 1.877527 2.00 0.40
40.485344727 -80.332531975 1.877527 2.00 0.40
40.485348953 -80.332533723 1.877527 2.00 0.40
40.485353178 -80.332535470 1.877527 2.00 0.40
40.485357403 -80.332537217 1.877527 2.00 0.40
40.485361628 -80.332538964 1.877527 2.00 0.40
40.485365853 -80.332540711 1.877527 2.00 0.40
40.485370079 -80.332542459 1.877527 2.00 0.40
40.485374304 -80.332544206 1.877527 2.00 0.40
40.485378529 -80.332545953 1.877527 2.00 0.40
40.485382754 -80.332547700 1.877527 2.00 0.40
40.485386979 -80.332549447 1.877527 2.00 0.40
40.485391205 -80.332551194 1.877527 2.00 0.40
40.485395430 -80.332552942 1.877527 2.00 0.40
40.485399655 -80.332554689 1.877527 2.00 0.40
40.485403880 -80.332556436 1.877527 2.00 0.40
40.485408105 -80.332558183 1.877527 2.00 0.40
40.485412331 -80.332559930 1.877527 2.00 0.40
40.485416556 -80.332561678 1.877527 2.00 0.40
40.485420781 -80.332563425 1.877527 2.00 0.40
40.485425006 -80.332565172 1.877527 2.00 0.40
40.485429231 -80.332566919 1.877527 2.00 0.40
40.485433457 -80.332568666 1.877527 2.00 0.40
40.485437682 -80.332570414 1.877527 2.00 0.40
40.485441907 -80.332572161 1.877527 2.00 0.40
40.485446132 -80.332573908 1.877527 2.00 0.40
40.485450358 -80.332575655 1.877527 2.00 0.40
40.485454583 -80.332577402 1.877527 2.00 0.40
40.485458808 -80.332579149 1.877527 2.00 0.40
40.485463033 -80.332580897 1.877527 2.00 0.40
40.485467258 -80.332582644 1.877527 2.00 0.40
40.485471484 -80.332584391 1.877527 2.00 0.40
40.485475709 -80.332586138 1.877527 2.00 0.40
40.485479934 -80.332587885 1.877527 2.00 0.40
40.485484159 -80.332589633 1.877527 2.00 0.40
40.485488384 -80.332591380 1.877527 2.00 0.40
40.485492610 -80.332593127 1.877527 2.00 0.40
40.485496835 -80.332594874 1.877527 2.00 0.40
40.485501060 -80.332596621 1.877527 2.00 0.40
40.485505285 -80.332598369 1.877527 2.00 0.40
40.485509510 -80.332600116 1.877527 2.00 0.40
40.485513736 -80.332601863 1.877527 2.00 0.40
40.485517961 -80.332603610 1.877527 2.00 0.40
40.485522186 -80.332605357 1.877527 2.00 0.40
40.485526411 -80.332607105 1.877527 2.00 0.40
40.485530636 -80.332608852 1.877527 2.00 0.40
40.485534862 -80.332610599 1.877527 2.00 0.40
40.485539087 -80.332612346 1.877527 2.00 0.40
40.485543312 -80.332614093 1.877527 2.00 0.40
40.485547537 -80.332615840 1.877527 2.00 0.40
40.485551763 -80.332617588 1.877527 2.00 0.40
40.485555988 -80.332619335 1.877527 2.00 0.40
40.485560213 -80.332621082 1.877527 2.00 0.40
40.485564438 -80.332622829 1.828503 2.00 0.40
40.485566067 -80.332623390 1.730457 2.00 0.40
40.485567730 -80.332623739 1.632410 2.00 0.40
40.485569412 -80.332623875 1.534363 2.00 0.40
40.485571095 -80.332623795 1.436316 2.00 0.40
40.485572764 -80.332623500 1.338269 2.00 0.40
40.485574404 -80.332622993 1.240223 2.00 0.40
40.485575997 -80.332622279 1.142176 2.00 0.40
40.485577529 -80.332621365 1.044129 2.00 0.40
40.485578986 -80.332620260 0.946082 2.00 0.40
40.485580352 -80.332618973 0.848036 2.00 0.40
40.485581615 -80.332617518 0.749989 2.00 0.40
40.485582764 -80.332615909 0.651942 2.00 0.40
40.485583786 -80.332614161 0.553895 2.00 0.40
40.485584672 -80.332612290 0.455849 2.00 0.40
40.485585413 -80.332610315 0.357802 2.00 0.40
40.485586003 -80.332608255 0.259755 2.00 0.40
40.485586436 -80.332606130 0.210732 2.00 0.40
40.485587323 -80.332600715 0.210732 2.00 0.40
40.485588210 -80.332595300 0.210732 2.00 0.40
40.485589098 -80.332589886 0.210732 2.00 0.40
40.485589985 -80.332584471 0.210732 2.00 0.40
40.485590872 -80.332579056 0.210732 2.00 0.40
40.485591759 -80.332573641 0.210732 2.00 0.40
40.485592646 -80.332568227 0.210732 2.00 0.40
40.485593533 -80.332562812 0.210732 2.00 0.40
40.485594420 -80.332557397 0.210732 2.00 0.40
40.485595308 -80.332551982 0.210732 2.00 0.40
40.485596195 -80.332546568 0.210732 2.00 0.40
40.485597082 -80.332541153 0.210732 2.00 0.40
40.485597969 -80.332535738 0.210732 2.00 0.40
40.485598856 -80.332530323 0.210732 2.00 0.40
40.485599743 -80.332524909 0.210732 2.00 0.40
40.485600630 -80.332519494 0.210732 2.00 0.40
40.485601518 -80.332514079 0.210732 2.00 0.40
40.485602405 -80.332508665 0.210732 2.00 0.40
40.485603292 -80.332503250 0.210732 2.00 0.40
40.485604179 -80.332497835 0.210732 2.00 0.40
40.485605066 -80.332492420 0.210732 2.00 0.40
40.485605953 -80.332487006 0.210732 2.00 0.40
40.485606841 -80.332481591 0.210732 2.00 0.40
40.485607728 -80.332476176 0.210732 2.00 0.40
40.485608615 -80.332470761 0.210732 2.00 0.40
40.485609502 -80.332465347 0.210732 2.00 0.40
40.485610389 -80.332459932 0.210732 2.00 0.40
40.485611276 -80.332454517 0.162184 2.00 0.40
40.485611546 -80.332452368 0.065088 2.00 0.40
40.485611654 -80.332450194 6.251177 2.00 0.40
40.485611601 -80.332448017 6.154081 2.00 0.40
40.485611386 -80.332445857 6.056985 2.00 0.40
40.485611012 -80.332443735 5.959889 2.00 0.40
40.485610482 -80.332441670 5.862793 2.00 0.40
40.485609801 -80.332439681 5.765697 2.00 0.40
40.485608976 -80.332437788 5.668601 2.00 0.40
40.485608014 -80.332436009 5.571505 2.00 0.40
40.485606924 -80.332434359 5.474409 2.00 0.40
40.485605717 -80.332432856 5.377313 2.00 0.40
40.485604404 -80.332431512 5.280217 2.00 0.40
40.485602998 -80.332430340 5.183121 2.00 0.40
40.485601511 -80.332429353 5.086025 2.00 0.40
40.485599958 -80.332428558 5.037478 2.00 0.40
40.485595675 -80.332426673 5.037478 2.00 0.40
40.485591392 -80.332424788 4.923281 2.00 0.40
40.485587562 -80.332423718 4.809084 1.50 0.30
40.485583060 -80.332423148 4.809084 1.50 0.30
40.485578558 -80.332422577 4.809084 1.50 0.30
40.485574056 -80.332422007 4.809084 1.50 0.30
40.485569553 -80.332421437 4.809084 1.50 0.30
40.485565051 -80.332420867 4.809084 1.50 0.30
40.485560549 -80.332420297 4.809084 1.50 0.30
40.485556047 -80.332419727 4.809084 1.50 0.30
40.485552091 -80.332419226 4.923281 1.50 0.30
40.485548261 -80.332418155 5.037478 1.50 0.30
40.485544135 -80.332416339 5.037478 2.00 0.40
40.485540008 -80.332414524 5.037478 2.00 0.40
40.485535882 -80.332412708 5.037478 2.00 0.40
40.485531756 -80.332410892 5.037478 2.00 0.40
40.485527630 -80.332409076 5.037478 2.00 0.40
40.485523503 -80.332407261 5.037478 2.00 0.40
40.485519377 -80.332405445 5.037478 2.00 0.40
40.485515251 -80.332403629 5.037478 2.00 0.40
40.485511125 -80.332401814 5.037478 2.00 0.40
40.485506998 -80.332399998 5.037478 2.00 0.40
40.485502872 -80.332398182 5.037478 2.00 0.40
40.485498746 -80.332396366 5.037478 2.00 0.40
40.485494620 -80.332394551 5.037478 2.00 0.40
40.485490493 -80.332392735 5.037478 2.00 0.40
40.485486367 -80.332390919 5.037478 2.00 0.40
40.485482241 -80.332389103 5.037478 2.00 0.40
40.485478115 -80.332387288 5.037478 2.00 0.40
40.485473988 -80.332385472 5.037478 2.00 0.40
40.485469862 -80.332383656 5.037478 2.00 0.40
40.485465736 -80.332381840 5.037478 2.00 0.40
40.485461610 -80.332380025 5.037478 2.00 0.40
40.485457484 -80.332378209 5.037478 2.00 0.40
40.485453357 -80.332376393 5.037478 2.00 0.40
40.485449231 -80.332374578 5.037478 2.00 0.40
40.485445105 -80.332372762 5.037478 2.00 0.40
40.485440979 -80.332370946 5.037478 2.00 0.40
40.485436852 -80.332369130 5.037478 2.00 0.40
40.485432726 -80.332367315 5.037478 2.00 0.40
40.485428600 -80.332365499 5.037478 2.00 0.40
40.485424474 -80.332363683 5.037478 2.00 0.40
40.485420347 -80.332361867 5.037478 2.00 0.40
40.485416221 -80.332360052 5.037478 2.00 0.40
40.485412095 -80.332358236 5.037478 2.00 0.40
40.485407969 -80.332356420 5.037478 2.00 0.40
40.485403842 -80.332354604 5.037478 2.00 0.40
40.485399716 -80.332352789 5.037478 2.00 0.40
40.485395590 -80.332350973 5.037478 2.00 0.40
40.485391464 -80.332349157 4.988330 2.00 0.40
40.485389839 -80.332348557 4.890035 2.00 0.40
40.485388176 -80.332348167 4.791740 2.00 0.40
40.485386493 -80.332347992 4.693444 2.00 0.40
40.485384804 -80.332348034 4.595149 2.00 0.40
40.485383127 -80.332348292 4.496854 2.00 0.40
40.485381477 -80.332348763 4.398559 2.00 0.40
40.485379871 -80.332349444 4.300264 2.00 0.40
40.485378324 -80.332350327 4.201969 2.00 0.40
40.485376850 -80.332351404 4.103674 2.00 0.40
40.485375464 -80.332352665 4.005378 2.00 0.40
40.485374180 -80.332354098 3.907083 2.00 0.40
40.485373010 -80.332355687 3.808788 2.00 0.40
40.485371965 -80.332357420 3.710493 2.00 0.40
40.485371055 -80.332359277 3.612198 2.00 0.40
40.485370290 -80.332361242 3.513903 2.00 0.40
40.485369675 -80.332363296 3.464755 2.00 0.40
40.485368295 -80.332368676 3.464755 2.00 0.40
40.485366916 -80.332374055 3.464755 2.00 0.40
40.485365536 -80.332379434 3.464755 2.00 0.40
40.485364156 -80.332384813 3.464755 2.00 0.40
40.485362776 -80.332390193 3.464755 2.00 0.40
40.485361396 -80.332395572 3.464755 2.00 0.40
40.485360016 -80.332400951 3.464755 2.00 0.40
40.485358636 -80.332406330 3.464755 2.00 0.40
40.485357257 -80.332411710 3.464755 2.00 0.40
40.485355877 -80.332417089 3.464755 2.00 0.40
40.485354497 -80.332422468 3.464755 2.00 0.40
40.485353117 -80.332427847 3.464755 2.00 0.40
40.485351737 -80.332433227 3.464755 2.00 0.40
40.485350357 -80.332438606 3.464755 2.00 0.40
40.485348977 -80.332443985 3.464755 2.00 0.40
40.485347598 -80.332449364 3.464755 2.00 0.40
40.485346218 -80.332454744 3.464755 2.00 0.40
40.485344838 -80.332460123 3.464755 2.00 0.40
40.485343458 -80.332465502 3.464755 2.00 0.40
40.485342078 -80.332470881 3.464755 2.00 0.40
40.485340698 -80.332476261 3.464755 2.00 0.40
40.485339318 -80.332481640 3.464755 2.00 0.40
40.485337939 -80.332487019 3.464755 2.00 0.40
40.485336559 -80.332492398 3.415154 2.00 0.40
40.485336098 -80.332494541 3.315952 2.00 0.40
40.485335803 -80.332496732 3.216751 2.00 0.40
40.485335675 -80.332498951 3.117549 2.00 0.40
40.485335716 -80.332501176 3.018347 2.00 0.40
40.485335925 -80.332503384 2.919145 2.00 0.40
40.485336301 -80.332505555 2.819944 2.00 0.40
40.485336840 -80.332507666 2.720742 2.00 0.40
40.485337536 -80.332509697 2.621540 2.00 0.40
40.485338383 -80.332511628 2.522338 2.00 0.40
40.485339373 -80.332513440 2.423136 2.00 0.40
40.485340494 -80.332515115 2.323935 2.00 0.40
40.485341738 -80.332516637 2.224733 2.00 0.40
40.485343091 -80.332517991 2.125531 2.00 0.40
40.485344540 -80.332519163 2.026329 2.00 0.40
40.485346070 -80.332520142 1.927128 2.00 0.40
40.485347667 -80.332520918 1.877527 2.00 0.40
40.485351869 -80.332522656 1.877527 2.00 0.40
40.485356070 -80.332524393 1.877527 2.00 0.40
40.485360272 -80.332526130 1.877527 2.00 0.40
40.485364473 -80.332527868 1.877527 2.00 0.40
40.485368675 -80.332529605 1.877527 2.00 0.40
40.485372876 -80.332531342 1.877527 2.00 0.40
40.485377077 -80.332533080 1.877527 2.00 0.40
40.485381279 -80.332534817 1.877527 2.00 0.40
40.485385480 -80.332536555 1.877527 2.00 0.40
40.485389682 -80.332538292 1.877527 2.00 0.40
40.485393883 -80.332540029 1.877527 2.00 0.40
40.485398085 -80.332541767 1.877527 2.00 0.40
40.485402286 -80.332543504 1.877527 2.00 0.40
40.485406487 -80.332545241 1.877527 2.00 0.40
40.485410689 -80.332546979 1.877527 2.00 0.40
40.485414890 -80.332548716 1.877527 2.00 0.40
40.485419092 -80.332550453 1.877527 2.00 0.40
40.485423293 -80.332552191 1.877527 2.00 0.40
40.485427495 -80.332553928 1.877527 2.00 0.40
40.485431696 -80.332555665 1.877527 2.00 0.40
40.485435897 -80.332557403 1.877527 2.00 0.40
40.485440099 -80.332559140 1.877527 2.00 0.40
40.485444300 -80.332560877 1.877527 2.00 0.40
40.485448502 -80.332562615 1.877527 2.00 0.40
40.485452703 -80.332564352 1.877527 2.00 0.40
40.485456904 -80.332566090 1.877527 2.00 0.40
40.485461106 -80.332567827 1.877527 2.00 0.40
40.485465307 -80.332569564 1.877527 2.00 0.40
40.485469509 -80.332571302 1.877527 2.00 0.40
40.485473710 -80.332573039 1.877527 2.00 0.40
40.485477912 -80.332574776 1.877527 2.00 0.40
40.485482113 -80.332576514 1.877527 2.00 0.40
40.485486314 -80.332578251 1.877527 2.00 0.40
40.485490516 -80.332579988 1.877527 2.00 0.40
40.485494717 -80.332581726 1.877527 2.00 0.40
40.485498919 -80.332583463 1.877527 2.00 0.40
40.485503120 -80.332585200 1.877527 2.00 0.40
40.485507322 -80.332586938 1.877527 2.00 0.40
40.485511523 -80.332588675 1.877527 2.00 0.40
40.485515724 -80.332590412 1.877527 2.00 0.40
40.485519926 -80.332592150 1.877527 2.00 0.40
40.485524127 -80.332593887 1.877527 2.00 0.40
40.485528329 -80.332595625 1.877527 2.00 0.40
40.485532530 -80.332597362 1.877527 2.00 0.40
40.485536731 -80.332599099 1.877527 2.00 0.40
40.485540933 -80.332600837 1.877527 2.00 0.40
40.485545134 -80.332602574 1.877527 2.00 0.40
40.485549336 -80.332604311 1.877527 2.00 0.40
40.485553537 -80.332606049 1.877527 2.00 0.40
40.485557739 -80.332607786 1.828503 2.00 0.40
40.485559368 -80.332608347 1.730457 2.00 0.40
40.485561031 -80.332608696 1.632410 2.00 0.40
40.485562712 -80.332608832 1.534363 2.00 0.40
40.485564396 -80.332608752 1.436316 2.00 0.40
40.485566065 -80.332608457 1.338269 2.00 0.40
40.485567704 -80.332607950 1.240223 2.00 0.40
40.485569298 -80.332607236 1.142176 2.00 0.40
40.485570830 -80.332606322 1.044129 2.00 0.40
40.485572286 -80.332605216 0.946082 2.00 0.40
40.485573653 -80.332603930 0.848036 2.00 0.40
40.485574916 -80.332602475 0.749989 2.00 0.40
40.485576064 -80.332600866 0.651942 2.00 0.40
40.485577086 -80.332599118 0.553895 2.00 0.40
40.485577972 -80.332597247 0.455849 2.00 0.40
40.485578714 -80.332595272 0.357802 2.00 0.40
40.485579304 -80.332593212 0.259755 2.00 0.40
40.485579737 -80.332591087 0.210732 2.00 0.40
40.485580616 -80.332585719 0.210732 2.00 0.40
40.485581495 -80.332580352 0.210732 2.00 0.40
40.485582375 -80.332574985 0.210732 2.00 0.40
40.485583254 -80.332569617 0.210732 2.00 0.40
40.485584133 -80.332564250 0.210732 2.00 0.40
40.485585013 -80.332558883 0.210732 2.00 0.40
40.485585892 -80.332553516 0.210732 2.00 0.40
40.485586772 -80.332548148 0.210732 2.00 0.40
40.485587651 -80.332542781 0.210732 2.00 0.40
40.485588530 -80.332537414 0.210732 2.00 0.40
40.485589410 -80.332532047 0.210732 2.00 0.40
40.485590289 -80.332526679 0.210732 2.00 0.40
40.485591168 -80.332521312 0.210732 2.00 0.40
40.485592048 -80.332515945 0.210732 2.00 0.40
40.485592927 -80.332510578 0.210732 2.00 0.40
40.485593807 -80.332505210 0.210732 2.00 0.40
40.485594686 -80.332499843 0.210732 2.00 0.40
40.485595565 -80.332494476 0.210732 2.00 0.40
40.485596445 -80.332489108 0.210732 2.00 0.40
40.485597324 -80.332483741 0.210732 2.00 0.40
40.485598203 -80.332478374 0.210732 2.00 0.40
40.485599083 -80.332473007 0.210732 2.00 0.40
40.485599962 -80.332467639 0.210732 2.00 0.40
40.485600841 -80.332462272 0.162184 2.00 0.40
40.485601111 -80.332460123 0.065088 2.00 0.40
40.485601219 -80.332457949 6.251177 2.00 0.40
40.485601166 -80.332455772 6.154081 2.00 0.40
40.485600951 -80.332453612 6.056985 2.00 0.40
40.485600577 -80.332451490 5.959889 2.00 0.40
40.485600047 -80.332449424 5.862793 2.00 0.40
40.485599366 -80.332447436 5.765697 2.00 0.40
40.485598541 -80.332445543 5.668601 2.00 0.40
40.485597579 -80.332443764 5.571505 2.00 0.40
40.485596489 -80.332442114 5.474409 2.00 0.40
40.485595283 -80.332440611 5.377313 2.00 0.40
40.485593970 -80.332439267 5.280217 2.00 0.40
40.485592563 -80.332438095 5.183121 2.00 0.40
40.485591076 -80.332437107 5.086025 2.00 0.40
40.485589523 -80.332436312 5.037478 2.00 0.40
40.485585397 -80.332434497 5.037478 2.00 0.40
40.485581271 -80.332432681 5.037478 2.00 0.40
40.485577144 -80.332430865 5.037478 2.00 0.40
40.485573018 -80.332429050 5.037478 2.00 0.40
40.485568892 -80.332427234 5.037478 2.00 0.40
40.485564766 -80.332425418 5.037478 2.00 0.40
40.485560640 -80.332423602 5.037478 2.00 0.40
40.485556513 -80.332421787 5.037478 2.00 0.40
40.485552387 -80.332419971 5.037478 2.00 0.40
40.485548261 -80.332418155 4.905899 2.00 0.40
40.485543835 -80.332417023 4.737178 1.50 0.30
40.485542559 -80.332416981 4.700036 1.50 0.30
40.485538036 -80.332417054 4.700036 1.50 0.30
40.485533513 -80.332417127 4.700036 1.50 0.30
40.485528990 -80.332417200 4.700036 1.50 0.30
40.485524467 -80.332417273 4.700036 1.50 0.30
40.485519944 -80.332417346 4.700036 1.50 0.30
40.485515421 -80.332417419 4.700036 1.50 0.30
40.485510898 -80.332417492 4.700036 1.50 0.30
40.485506375 -80.332417565 4.700036 1.50 0.30
40.485501853 -80.332417638 4.700036 1.50 0.30
40.485497330 -80.332417711 4.700036 1.50 0.30
40.485492807 -80.332417784 4.700036 1.50 0.30
40.485488284 -80.332417857 4.700036 1.50 0.30
40.485483761 -80.332417930 4.700036 1.50 0.30
40.485479238 -80.332418003 4.700036 1.50 0.30
40.485474715 -80.332418076 4.700036 1.50 0.30
40.485470192 -80.332418149 4.700036 1.50 0.30
40.485465669 -80.332418222 4.700036 1.50 0.30
40.485461146 -80.332418295 4.700036 1.50 0.30
40.485456623 -80.332418367 4.700036 1.50 0.30
40.485452101 -80.332418440 4.700036 1.50 0.30
40.485447578 -80.332418513 4.700036 1.50 0.30
40.485443055 -80.332418586 4.700036 1.50 0.30
40.485438532 -80.332418659 4.700036 1.50 0.30
40.485434009 -80.332418732 4.700036 1.50 0.30
40.485429486 -80.332418805 4.700036 1.50 0.30
40.485424963 -80.332418878 4.700036 1.50 0.30
40.485420440 -80.332418951 4.700036 1.50 0.30
40.485415917 -80.332419024 4.700036 1.50 0.30
40.485411394 -80.332419097 4.700036 1.50 0.30
40.485406872 -80.332419170 4.700036 1.50 0.30
40.485402349 -80.332419243 4.700036 1.50 0.30
40.485397826 -80.332419316 4.700036 1.50 0.30
40.485395669 -80.332419351 4.831615 1.50 0.30
40.485391190 -80.332418650 5.094773 1.50 0.30
40.485387006 -80.332416453 5.357931 1.50 0.30
40.485383403 -80.332412910 5.621089 1.50 0.30
40.485380631 -80.332408266 5.884246 1.50 0.30
40.485378879 -80.332402840 6.147404 1.50 0.30
40.485378268 -80.332397006 0.127377 1.50 0.30
40.485378841 -80.332391165 0.390535 1.50 0.30
40.485380558 -80.332385720 0.653693 1.50 0.30
40.485383301 -80.332381045 0.916851 1.50 0.30
40.485386881 -80.332377463 1.180009 1.50 0.30
40.485391051 -80.332375220 1.443166 1.50 0.30
40.485395524 -80.332374471 1.703670 1.50 0.30
40.485399905 -80.332375235 1.832595 1.50 0.30
40.485404162 -80.332376724 1.832595 3.00 0.50
40.485408419 -80.332378213 1.832595 3.00 0.50
40.485412676 -80.332379703 1.832595 3.00 0.50
40.485416933 -80.332381192 1.832595 3.00 0.50
40.485421190 -80.332382681 1.832595 3.00 0.50
40.485425447 -80.332384170 1.832595 3.00 0.50
40.485429704 -80.332385660 1.832595 3.00 0.50
40.485433961 -80.332387149 1.832595 3.00 0.50
40.485438218 -80.332388638 1.832595 3.00 0.50
40.485442475 -80.332390127 1.832595 3.00 0.50
40.485446732 -80.332391616 1.832595 3.00 0.50
40.485450989 -80.332393106 1.832595 3.00 0.50
40.485455246 -80.332394595 1.832595 3.00 0.50
40.485459503 -80.332396084 1.832595 3.00 0.50
40.485463760 -80.332397573 1.832595 3.00 0.50
40.485468017 -80.332399063 1.832595 3.00 0.50
40.485472274 -80.332400552 1.832595 3.00 0.50
40.485476531 -80.332402041 1.832595 3.00 0.50
40.485480787 -80.332403530 1.832595 3.00 0.50
40.485485044 -80.332405019 1.832595 3.00 0.50
40.485489301 -80.332406509 1.832595 3.00 0.50
40.485493558 -80.332407998 1.832595 3.00 0.50
40.485497815 -80.332409487 1.832595 3.00 0.50
40.485502072 -80.332410976 1.832595 3.00 0.50
40.485506329 -80.332412466 1.832595 3.00 0.50
40.485510586 -80.332413955 1.832595 3.00 0.50
40.485514843 -80.332415444 1.832595 3.00 0.50
40.485519100 -80.332416933 1.832595 3.00 0.50
40.485523357 -80.332418422 1.832595 3.00 0.50
40.485527614 -80.332419912 1.832595 3.00 0.50
40.485531871 -80.332421401 1.832595 3.00 0.50
40.485536128 -80.332422890 1.832595 3.00 0.50
40.485540385 -80.332424379 1.832595 3.00 0.50
40.485544642 -80.332425869 1.832595 3.00 0.50
40.485548899 -80.332427358 1.832595 3.00 0.50
40.485553156 -80.332428847 1.964174 3.00 0.50
40.485557322 -80.332431104 2.227332 1.50 0.30
40.485560894 -80.332434698 2.490490 1.50 0.30
40.485563628 -80.332439382 2.753647 1.50 0.30
40.485565334 -80.332444833 3.016805 1.50 0.30
40.485565895 -80.332450676 3.279963 1.50 0.30
40.485565273 -80.332456508 3.501955 1.50 0.30
40.485564179 -80.332460300 3.460789 1.50 0.30
40.485562763 -80.332465891 3.197631 1.50 0.30
40.485562511 -80.332471770 2.934473 1.50 0.30
40.485563438 -80.332477533 2.671315 1.50 0.30
40.485565482 -80.332482782 2.408157 1.50 0.30
40.485568501 -80.332487157 2.144999 1.50 0.30
40.485572288 -80.332490355 1.881842 1.50 0.30
40.485576582 -80.332492157 1.618684 1.50 0.30
40.485581087 -80.332492439 1.355526 1.50 0.30
40.485585493 -80.332491181 1.092368 1.50 0.30
40.485589497 -80.332488470 0.829210 1.50 0.30
40.485592823 -80.332484493 0.566052 1.50 0.30
40.485595242 -80.332479523 0.302894 1.50 0.30
40.485596587 -80.332473902 0.039736 1.50 0.30
40.485596766 -80.332468019 6.059764 1.50 0.30
40.485595767 -80.332462276 5.796606 1.50 0.30
40.485593658 -80.332457071 5.533448 1.50 0.30
40.485590584 -80.332452762 5.270290 1.50 0.30
40.485586758 -80.332449644 5.007132 1.50 0.30
40.485582442 -80.332447934 4.743974 1.50 0.30
40.485577934 -80.332447748 4.601276 1.50 0.30
40.485577554 -80.332447803 4.721735 1.50 0.30
40.485573044 -80.332447748 4.913750 1.50 0.30
40.485571010 -80.332447206 4.974186 1.50 0.30
40.485566661 -80.332445685 4.974186 3.00 0.50
40.485562312 -80.332444163 4.974186 3.00 0.50
40.485557963 -80.332442642 4.974186 3.00 0.50
40.485553614 -80.332441120 4.974186 3.00 0.50
40.485549265 -80.332439599 4.974186 3.00 0.50
40.485544917 -80.332438078 4.974186 3.00 0.50
40.485540568 -80.332436556 4.974186 3.00 0.50
40.485536219 -80.332435035 4.974186 3.00 0.50
40.485531870 -80.332433514 4.974186 3.00 0.50
40.485527521 -80.332431992 4.974186 3.00 0.50
40.485523172 -80.332430471 4.974186 3.00 0.50
40.485518823 -80.332428949 4.974186 3.00 0.50
40.485514474 -80.332427428 4.974186 3.00 0.50
40.485510125 -80.332425907 4.974186 3.00 0.50
40.485505777 -80.332424385 4.974186 3.00 0.50
40.485501428 -80.332422864 4.974186 3.00 0.50
40.485497079 -80.332421343 4.974186 3.00 0.50
40.485492730 -80.332419821 4.974186 3.00 0.50
40.485488381 -80.332418300 4.974186 3.00 0.50
40.485484032 -80.332416779 4.974186 3.00 0.50
40.485479683 -80.332415257 4.974186 3.00 0.50
40.485475334 -80.332413736 4.974186 3.00 0.50
40.485470985 -80.332412214 4.974186 3.00 0.50
40.485466636 -80.332410693 4.974186 3.00 0.50
40.485462287 -80.332409172 4.974186 3.00 0.50
40.485457939 -80.332407650 4.974186 3.00 0.50
40.485453590 -80.332406129 4.974186 3.00 0.50
40.485449241 -80.332404607 4.974186 3.00 0.50
40.485444892 -80.332403086 4.974186 3.00 0.50
40.485440543 -80.332401565 4.974186 3.00 0.50
40.485436194 -80.332400043 4.974186 3.00 0.50
40.485431845 -80.332398522 4.974186 3.00 0.50
40.485427496 -80.332397001 4.974186 3.00 0.50
40.485423147 -80.332395479 4.974186 3.00 0.50
40.485418799 -80.332393958 4.974186 3.00 0.50
40.485414450 -80.332392437 4.974186 3.00 0.50
40.485410101 -80.332390915 4.974186 3.00 0.50
40.485405752 -80.332389394 4.974186 3.00 0.50
40.485401403 -80.332387872 4.974186 3.00 0.50
40.485397054 -80.332386351 5.105765 3.00 0.50
40.485392888 -80.332384094 5.368923 1.50 0.30
40.485389316 -80.332380500 5.632081 1.50 0.30
40.485386582 -80.332375816 5.819645 1.50 0.30
40.485385722 -80.332373570 5.744050 1.50 0.30
40.485383407 -80.332368516 5.480892 1.50 0.30
40.485380164 -80.332364423 5.217735 1.50 0.30
40.485376218 -80.332361573 4.954577 1.50 0.30
40.485371839 -80.332360161 4.691419 1.50 0.30
40.485367330 -80.332360284 4.428261 1.50 0.30
40.485363000 -80.332361935 4.165103 1.50 0.30
40.485359149 -80.332364999 3.901945 1.50 0.30
40.485356041 -80.332369266 3.638787 1.50 0.30
40.485353889 -80.332374441 3.375629 1.50 0.30
40.485352843 -80.332380169 3.112471 1.50 0.30
40.485352975 -80.332386055 2.849313 1.50 0.30
40.485354274 -80.332391694 2.586156 1.50 0.30
40.485356653 -80.332396697 2.322998 1.50 0.30
40.485359946 -80.332400720 2.059840 1.50 0.30
40.485363927 -80.332403487 1.796682 1.50 0.30
40.485368323 -80.332404806 1.533524 1.50 0.30
40.485372830 -80.332404586 1.270366 1.50 0.30
40.485377138 -80.332402844 1.047670 1.50 0.30
40.485379848 -80.332400803 1.088131 1.50 0.30
40.485383843 -80.332398070 1.351289 1.50 0.30
40.485388245 -80.332396788 1.614447 1.50 0.30
40.485392751 -80.332397045 1.789310 1.50 0.30
40.485394203 -80.332397466 1.832593 1.50 0.30
40.485398470 -80.332398959 1.832593 3.00 0.50
40.485402736 -80.332400451 1.832593 3.00 0.50
40.485407003 -80.332401944 1.832593 3.00 0.50
40.485411269 -80.332403436 1.832593 3.00 0.50
40.485415536 -80.332404929 1.832593 3.00 0.50
40.485419803 -80.332406422 1.832593 3.00 0.50
40.485424069 -80.332407914 1.832593 3.00 0.50
40.485428336 -80.332409407 1.832593 3.00 0.50
40.485432602 -80.332410899 1.832593 3.00 0.50
40.485436869 -80.332412392 1.832593 3.00 0.50
40.485441136 -80.332413884 1.832593 3.00 0.50
40.485445402 -80.332415377 1.832593 3.00 0.50
40.485449669 -80.332416870 1.832593 3.00 0.50
40.485453936 -80.332418362 1.832593 3.00 0.50
40.485458202 -80.332419855 1.832593 3.00 0.50
40.485462469 -80.332421347 1.832593 3.00 0.50
40.485466735 -80.332422840 1.832593 3.00 0.50
40.485471002 -80.332424333 1.832593 3.00 0.50
40.485475269 -80.332425825 1.832593 3.00 0.50
40.485479535 -80.332427318 1.832593 3.00 0.50
40.485483802 -80.332428810 1.832593 3.00 0.50
40.485488068 -80.332430303 1.832593 3.00 0.50
40.485492335 -80.332431795 1.832593 3.00 0.50
40.485496602 -80.332433288 1.832593 3.00 0.50
40.485500868 -80.332434781 1.832593 3.00 0.50
40.485505135 -80.332436273 1.832593 3.00 0.50
40.485509401 -80.332437766 1.832593 3.00 0.50
40.485513668 -80.332439258 1.832593 3.00 0.50
40.485517935 -80.332440751 1.832593 3.00 0.50
40.485522201 -80.332442244 1.832593 3.00 0.50
40.485526468 -80.332443736 1.832593 3.00 0.50
40.485530735 -80.332445229 1.832593 3.00 0.50
40.485535001 -80.332446721 1.832593 3.00 0.50
40.485539268 -80.332448214 1.832593 3.00 0.50
40.485543534 -80.332449706 1.832593 3.00 0.50
40.485547801 -80.332451199 1.832593 3.00 0.50
40.485552068 -80.332452692 1.832593 3.00 0.50
40.485556334 -80.332454184 1.832593 3.00 0.50
40.485560601 -80.332455677 1.832593 3.00 0.50
40.485564867 -80.332457169 1.832593 3.00 0.50
40.485569134 -80.332458662 1.701015 3.00 0.50
40.485573606 -80.332459427 1.437857 1.50 0.30
40.485578076 -80.332458646 1.174699 1.50 0.30
40.485582237 -80.332456374 0.988200 1.50 0.30
40.485583813 -80.332455019 1.064858 1.50 0.30
40.485587758 -80.332452165 1.328016 1.50 0.30
40.485592136 -80.332450749 1.591174 1.50 0.30
40.485596646 -80.332450869 1.854332 1.50 0.30
40.485600976 -80.332452517 2.117490 1.50 0.30
40.485604829 -80.332455578 2.380648 1.50 0.30
40.485607939 -80.332459842 2.643806 1.50 0.30
40.485610092 -80.332465016 2.906964 1.50 0.30
40.485611141 -80.332470743 3.170122 1.50 0.30
40.485611012 -80.332476629 3.433279 1.50 0.30
40.485609715 -80.332482269 3.696437 1.50 0.30
40.485607339 -80.332487274 3.959595 1.50 0.30
40.485604048 -80.332491300 4.222753 1.50 0.30
40.485600067 -80.332494070 4.485911 1.50 0.30
40.485595672 -80.332495392 4.749069 1.50 0.30
40.485591165 -80.332495176 5.012227 1.50 0.30
40.485586856 -80.332493437 5.275385 1.50 0.30
40.485583042 -80.332490294 5.538543 1.50 0.30
40.485579986 -80.332485964 5.761242 1.50 0.30
40.485578426 -80.332482424 5.720783 1.50 0.30
40.485576021 -80.332477442 5.457625 1.50 0.30
40.485572706 -80.332473449 5.194467 1.50 0.30
40.485568710 -80.332470719 5.018540 1.50 0.30
40.485567257 -80.332470119 4.974191 1.50 0.30
40.485562967 -80.332468618 4.974191 3.00 0.50
40.485558676 -80.332467117 4.974191 3.00 0.50
40.485554386 -80.332465616 4.974191 3.00 0.50
40.485550096 -80.332464115 4.974191 3.00 0.50
40.485545805 -80.332462614 4.974191 3.00 0.50
40.485541515 -80.332461113 4.974191 3.00 0.50
40.485537224 -80.332459613 4.974191 3.00 0.50
40.485532934 -80.332458112 4.974191 3.00 0.50
40.485528644 -80.332456611 4.974191 3.00 0.50
40.485524353 -80.332455110 4.974191 3.00 0.50
40.485520063 -80.332453609 4.974191 3.00 0.50
40.485515773 -80.332452108 4.974191 3.00 0.50
40.485511482 -80.332450607 4.974191 3.00 0.50
40.485507192 -80.332449106 4.974191 3.00 0.50
40.485502902 -80.332447605 4.974191 3.00 0.50
40.485498611 -80.332446104 4.974191 3.00 0.50
40.485494321 -80.332444603 4.974191 3.00 0.50
40.485490030 -80.332443102 4.974191 3.00 0.50
40.485485740 -80.332441601 4.974191 3.00 0.50
40.485481450 -80.332440100 4.974191 3.00 0.50
40.485477159 -80.332438600 4.974191 3.00 0.50
40.485472869 -80.332437099 4.974191 3.00 0.50
40.485468579 -80.332435598 4.974191 3.00 0.50
40.485464288 -80.332434097 4.974191 3.00 0.50
40.485459998 -80.332432596 4.974191 3.00 0.50
40.485455707 -80.332431095 4.974191 3.00 0.50
40.485451417 -80.332429594 4.974191 3.00 0.50
40.485447127 -80.332428093 4.974191 3.00 0.50
40.485442836 -80.332426592 4.974191 3.00 0.50
40.485438546 -80.332425091 4.974191 3.00 0.50
40.485434256 -80.332423590 4.974191 3.00 0.50
40.485429965 -80.332422089 4.974191 3.00 0.50
40.485425675 -80.332420588 4.974191 3.00 0.50
40.485421385 -80.332419087 4.974191 3.00 0.50
40.485417094 -80.332417587 4.974191 3.00 0.50
40.485412804 -80.332416086 4.974191 3.00 0.50
40.485408513 -80.332414585 4.974191 3.00 0.50
40.485404223 -80.332413084 4.974191 3.00 0.50
40.485399933 -80.332411583 4.974191 3.00 0.50
40.485395642 -80.332410082 4.974191 3.00 0.50
40.485391352 -80.332408581 5.105770 3.00 0.50
40.485387186 -80.332406324 5.368928 1.50 0.30
40.485383614 -80.332402730 5.632086 1.50 0.30
40.485380880 -80.332398046 5.819647 1.50 0.30
40.485380020 -80.332395800 5.744051 1.50 0.30
40.485377705 -80.332390746 5.480893 1.50 0.30
40.485374462 -80.332386653 5.217735 1.50 0.30
40.485370516 -80.332383803 4.954577 1.50 0.30
40.485366137 -80.332382391 4.691419 1.50 0.30
40.485361628 -80.332382514 4.428262 1.50 0.30
40.485357298 -80.332384165 4.165104 1.50 0.30
40.485353447 -80.332387229 3.901946 1.50 0.30
40.485350339 -80.332391496 3.638788 1.50 0.30
40.485348187 -80.332396671 3.375630 1.50 0.30
40.485347142 -80.332402399 3.112472 1.50 0.30
40.485347273 -80.332408285 2.849314 1.50 0.30
40.485348572 -80.332413924 2.586156 1.50 0.30
40.485350951 -80.332418927 2.322998 1.50 0.30
40.485354244 -80.332422950 2.059840 1.50 0.30
40.485358226 -80.332425717 1.796683 1.50 0.30
40.485362621 -80.332427036 1.533525 1.50 0.30
40.485367128 -80.332426816 1.270367 1.50 0.30
40.485371436 -80.332425074 1.047689 1.50 0.30
40.485374146 -80.332423034 1.088169 1.50 0.30
40.485378141 -80.332420301 1.351327 1.50 0.30
40.485382543 -80.332419019 1.614485 1.50 0.30
40.485387049 -80.332419276 1.789329 1.50 0.30
40.485388500 -80.332419697 1.832594 1.50 0.30
40.485392814 -80.332421206 1.832594 3.00 0.50
40.485397128 -80.332422715 1.832594 3.00 0.50
40.485401442 -80.332424225 1.832594 3.00 0.50
40.485405757 -80.332425734 1.832594 3.00 0.50
40.485410071 -80.332427243 1.832594 3.00 0.50
40.485414385 -80.332428752 1.832594 3.00 0.50
40.485418699 -80.332430262 1.832594 3.00 0.50
40.485423013 -80.332431771 1.832594 3.00 0.50
40.485427327 -80.332433280 1.832594 3.00 0.50
40.485431641 -80.332434789 1.832594 3.00 0.50
40.485435956 -80.332436298 1.832594 3.00 0.50
40.485440270 -80.332437808 1.832594 3.00 0.50
40.485444584 -80.332439317 1.832594 3.00 0.50
40.485448898 -80.332440826 1.832594 3.00 0.50
40.485453212 -80.332442335 1.832594 3.00 0.50
40.485457526 -80.332443845 1.832594 3.00 0.50
40.485461840 -80.332445354 1.832594 3.00 0.50
40.485466155 -80.332446863 1.832594 3.00 0.50
40.485470469 -80.332448372 1.832594 3.00 0.50
40.485474783 -80.332449881 1.832594 3.00 0.50
40.485479097 -80.332451391 1.832594 3.00 0.50
40.485483411 -80.332452900 1.832594 3.00 0.50
40.485487725 -80.332454409 1.832594 3.00 0.50
40.485492040 -80.332455918 1.832594 3.00 0.50
40.485496354 -80.332457427 1.832594 3.00 0.50
40.485500668 -80.332458937 1.832594 3.00 0.50
40.485504982 -80.332460446 1.832594 3.00 0.50
40.485509296 -80.332461955 1.832594 3.00 0.50
40.485513610 -80.332463464 1.832594 3.00 0.50
40.485517924 -80.332464974 1.832594 3.00 0.50
40.485522239 -80.332466483 1.832594 3.00 0.50
40.485526553 -80.332467992 1.832594 3.00 0.50
40.485530867 -80.332469501 1.832594 3.00 0.50
40.485535181 -80.332471010 1.832594 3.00 0.50
40.485539495 -80.332472520 1.832594 3.00 0.50
40.485543809 -80.332474029 1.832594 3.00 0.50
40.485548123 -80.332475538 1.832594 3.00 0.50
40.485552438 -80.332477047 1.832594 3.00 0.50
40.485556752 -80.332478557 1.832594 3.00 0.50
40.485561066 -80.332480066 1.832594 3.00 0.50
40.485565380 -80.332481575 1.701015 3.00 0.50
40.485569852 -80.332482340 1.437857 1.50 0.30
40.485574322 -80.332481559 1.174699 1.50 0.30
40.485578483 -80.332479287 0.988195 1.50 0.30
40.485580059 -80.332477932 1.064848 1.50 0.30
40.485584004 -80.332475078 1.328006 1.50 0.30
40.485588382 -80.332473662 1.591164 1.50 0.30
40.485592892 -80.332473782 1.854322 1.50 0.30
40.485597222 -80.332475429 2.117479 1.50 0.30
40.485601075 -80.332478490 2.380637 1.50 0.30
40.485604185 -80.332482755 2.643795 1.50 0.30
40.485606339 -80.332487929 2.906953 1.50 0.30
40.485607387 -80.332493656 3.170111 1.50 0.30
40.485607259 -80.332499542 3.433269 1.50 0.30
40.485605962 -80.332505182 3.696427 1.50 0.30
40.485603586 -80.332510187 3.959585 1.50 0.30
40.485600294 -80.332514213 4.222743 1.50 0.30
40.485596314 -80.332516982 4.485901 1.50 0.30
40.485591919 -80.332518304 4.749058 1.50 0.30
40.485587412 -80.332518089 5.012216 1.50 0.30
40.485583103 -80.332516349 5.275374 1.50 0.30
40.485579289 -80.332513207 5.538532 1.50 0.30
40.485576232 -80.332508877 5.761245 1.50 0.30
40.485574672 -80.332505336 5.720800 1.50 0.30
40.485572267 -80.332500354 5.457642 1.50 0.30
40.485568953 -80.332496361 5.194484 1.50 0.30
40.485564957 -80.332493631 5.018547 1.50 0.30
40.485563503 -80.332493031 4.974188 1.50 0.30
40.485559165 -80.332491513 4.974188 3.00 0.50
40.485554827 -80.332489996 4.974188 3.00 0.50
40.485550489 -80.332488478 4.974188 3.00 0.50
40.485546151 -80.332486961 4.974188 3.00 0.50
40.485541813 -80.332485443 4.974188 3.00 0.50
40.485537476 -80.332483926 4.974188 3.00 0.50
40.485533138 -80.332482408 4.974188 3.00 0.50
40.485528800 -80.332480891 4.974188 3.00 0.50
40.485524462 -80.332479373 4.974188 3.00 0.50
40.485520124 -80.332477856 4.974188 3.00 0.50
40.485515786 -80.332476338 4.974188 3.00 0.50
40.485511448 -80.332474821 4.974188 3.00 0.50
40.485507110 -80.332473303 4.974188 3.00 0.50
40.485502772 -80.332471785 4.974188 3.00 0.50
40.485498434 -80.332470268 4.974188 3.00 0.50
40.485494097 -80.332468750 4.974188 3.00 0.50
40.485489759 -80.332467233 4.974188 3.00 0.50
40.485485421 -80.332465715 4.974188 3.00 0.50
40.485481083 -80.332464198 4.974188 3.00 0.50
40.485476745 -80.332462680 4.974188 3.00 0.50
40.485472407 -80.332461163 4.974188 3.00 0.50
40.485468069 -80.332459645 4.974188 3.00 0.50
40.485463731 -80.332458128 4.974188 3.00 0.50
40.485459393 -80.332456610 4.974188 3.00 0.50
40.485455055 -80.332455093 4.974188 3.00 0.50
40.485450718 -80.332453575 4.974188 3.00 0.50
40.485446380 -80.332452058 4.974188 3.00 0.50
40.485442042 -80.332450540 4.974188 3.00 0.50
40.485437704 -80.332449022 4.974188 3.00 0.50
40.485433366 -80.332447505 4.974188 3.00 0.50
40.485429028 -80.332445987 4.974188 3.00 0.50
40.485424690 -80.332444470 4.974188 3.00 0.50
40.485420352 -80.332442952 4.974188 3.00 0.50
40.485416014 -80.332441435 4.974188 3.00 0.50
40.485411676 -80.332439917 4.974188 3.00 0.50
40.485407339 -80.332438400 4.974188 3.00 0.50
40.485403001 -80.332436882 4.974188 3.00 0.50
40.485398663 -80.332435365 4.974188 3.00 0.50
40.485394325 -80.332433847 4.974188 3.00 0.50
40.485389987 -80.332432330 4.974188 3.00 0.50
40.485385649 -80.332430812 5.105767 3.00 0.50
40.485381483 -80.332428555 5.368925 1.50 0.30
40.485377911 -80.332424961 5.632083 1.50 0.30
40.485375177 -80.332420277 5.819646 1.50 0.30
40.485374317 -80.332418030 5.744052 1.50 0.30
40.485372002 -80.332412977 5.480894 1.50 0.30
40.485368759 -80.332408884 5.217736 1.50 0.30
40.485364813 -80.332406034 4.954578 1.50 0.30
40.485360434 -80.332404621 4.691420 1.50 0.30
40.485355925 -80.332404745 4.428263 1.50 0.30
40.485351595 -80.332406396 4.165105 1.50 0.30
40.485347744 -80.332409460 3.901947 1.50 0.30
40.485344636 -80.332413727 3.638789 1.50 0.30
40.485342484 -80.332418902 3.375631 1.50 0.30
40.485341438 -80.332424630 3.112473 1.50 0.30
40.485341570 -80.332430516 2.849315 1.50 0.30
40.485342869 -80.332436155 2.586157 1.50 0.30
40.485345248 -80.332441158 2.322999 1.50 0.30
40.485348541 -80.332445181 2.059841 1.50 0.30
40.485352522 -80.332447948 1.796684 1.50 0.30
40.485356918 -80.332449267 1.533526 1.50 0.30
40.485361425 -80.332449047 1.270368 1.50 0.30
40.485365733 -80.332447305 1.047671 1.50 0.30
40.485368443 -80.332445264 1.088133 1.50 0.30
40.485372438 -80.332442531 1.351291 1.50 0.30
40.485376840 -80.332441249 1.614448 1.50 0.30
40.485381346 -80.332441506 1.789312 1.50 0.30
40.485382798 -80.332441927 1.832596 1.50 0.30
40.485387160 -80.332443453 1.832596 3.00 0.50
40.485391521 -80.332444979 1.832596 3.00 0.50
40.485395883 -80.332446505 1.832596 3.00 0.50
40.485400245 -80.332448030 1.832596 3.00 0.50
40.485404606 -80.332449556 1.832596 3.00 0.50
40.485408968 -80.332451082 1.832596 3.00 0.50
40.485413330 -80.332452608 1.832596 3.00 0.50
40.485417691 -80.332454134 1.832596 3.00 0.50
40.485422053 -80.332455660 1.832596 3.00 0.50
40.485426415 -80.332457186 1.832596 3.00 0.50
40.485430776 -80.332458711 1.832596 3.00 0.50
40.485435138 -80.332460237 1.832596 3.00 0.50
40.485439500 -80.332461763 1.832596 3.00 0.50
40.485443861 -80.332463289 1.832596 3.00 0.50
40.485448223 -80.332464815 1.832596 3.00 0.50
40.485452585 -80.332466341 1.832596 3.00 0.50
40.485456946 -80.332467867 1.832596 3.00 0.50
40.485461308 -80.332469392 1.832596 3.00 0.50
40.485465670 -80.332470918 1.832596 3.00 0.50
40.485470031 -80.332472444 1.832596 3.00 0.50
40.485474393 -80.332473970 1.832596 3.00 0.50
40.485478754 -80.332475496 1.832596 3.00 0.50
40.485483116 -80.332477022 1.832596 3.00 0.50
40.485487478 -80.332478547 1.832596 3.00 0.50
40.485491839 -80.332480073 1.832596 3.00 0.50
40.485496201 -80.332481599 1.832596 3.00 0.50
40.485500563 -80.332483125 1.832596 3.00 0.50
40.485504924 -80.332484651 1.832596 3.00 0.50
40.485509286 -80.332486177 1.832596 3.00 0.50
40.485513648 -80.332487703 1.832596 3.00 0.50
40.485518009 -80.332489228 1.832596 3.00 0.50
40.485522371 -80.332490754 1.832596 3.00 0.50
40.485526733 -80.332492280 1.832596 3.00 0.50
40.485531094 -80.332493806 1.832596 3.00 0.50
40.485535456 -80.332495332 1.832596 3.00 0.50
40.485539818 -80.332496858 1.832596 3.00 0.50
40.485544179 -80.332498384 1.832596 3.00 0.50
40.485548541 -80.332499909 1.832596 3.00 0.50
40.485552903 -80.332501435 1.832596 3.00 0.50
40.485557264 -80.332502961 1.832596 3.00 0.50
40.485561626 -80.332504487 1.701017 3.00 0.50
40.485566098 -80.332505252 1.437859 1.50 0.30
40.485570568 -80.332504471 1.174702 1.50 0.30
40.485574729 -80.332502199 0.988197 1.50 0.30
40.485576305 -80.332500844 1.064850 1.50 0.30
40.485580250 -80.332497990 1.328007 1.50 0.30
40.485584628 -80.332496574 1.591165 1.50 0.30
40.485589138 -80.332496694 1.854323 1.50 0.30
40.485593468 -80.332498341 2.117481 1.50 0.30
40.485597321 -80.332501403 2.380639 1.50 0.30
40.485600431 -80.332505667 2.643797 1.50 0.30
40.485602585 -80.332510841 2.906955 1.50 0.30
40.485603633 -80.332516568 3.170113 1.50 0.30
40.485603505 -80.332522454 3.433271 1.50 0.30
40.485602208 -80.332528094 3.696428 1.50 0.30
40.485599832 -80.332533099 3.959586 1.50 0.30
40.485596540 -80.332537125 4.222744 1.50 0.30
40.485592560 -80.332539894 4.485902 1.50 0.30
40.485588165 -80.332541217 4.749060 1.50 0.30
40.485583658 -80.332541001 5.012218 1.50 0.30
40.485579349 -80.332539261 5.275376 1.50 0.30
40.485575535 -80.332536119 5.538534 1.50 0.30
40.485572478 -80.332531789 5.761247 1.50 0.30
40.485570918 -80.332528248 5.720802 1.50 0.30
40.485568513 -80.332523266 5.457644 1.50 0.30
40.485565199 -80.332519273 5.194486 1.50 0.30
40.485561203 -80.332516543 5.018549 1.50 0.30
40.485559749 -80.332515943 4.974190 1.50 0.30
40.485555468 -80.332514445 4.974190 3.00 0.50
40.485551187 -80.332512948 4.974190 3.00 0.50
40.485546906 -80.332511450 4.974190 3.00 0.50
40.485542625 -80.332509952 4.974190 3.00 0.50
40.485538344 -80.332508455 4.974190 3.00 0.50
40.485534063 -80.332506957 4.974190 3.00 0.50
40.485529782 -80.332505459 4.974190 3.00 0.50
40.485525501 -80.332503962 4.974190 3.00 0.50
40.485521220 -80.332502464 4.974190 3.00 0.50
40.485516939 -80.332500967 4.974190 3.00 0.50
40.485512658 -80.332499469 4.974190 3.00 0.50
40.485508377 -80.332497971 4.974190 3.00 0.50
40.485504096 -80.332496474 4.974190 3.00 0.50
40.485499815 -80.332494976 4.974190 3.00 0.50
40.485495534 -80.332493478 4.974190 3.00 0.50
40.485491253 -80.332491981 4.974190 3.00 0.50
40.485486972 -80.332490483 4.974190 3.00 0.50
40.485482691 -80.332488985 4.974190 3.00 0.50
40.485478410 -80.332487488 4.974190 3.00 0.50
40.485474129 -80.332485990 4.974190 3.00 0.50
40.485469848 -80.332484493 4.974190 3.00 0.50
40.485465567 -80.332482995 4.974190 3.00 0.50
40.485461286 -80.332481497 4.974190 3.00 0.50
40.485457005 -80.332480000 4.974190 3.00 0.50
40.485452724 -80.332478502 4.974190 3.00 0.50
40.485448443 -80.332477004 4.974190 3.00 0.50
40.485444162 -80.332475507 4.974190 3.00 0.50
40.485439881 -80.332474009 4.974190 3.00 0.50
40.485435600 -80.332472511 4.974190 3.00 0.50
40.485431319 -80.332471014 4.974190 3.00 0.50
40.485427038 -80.332469516 4.974190 3.00 0.50
40.485422757 -80.332468018 4.974190 3.00 0.50
40.485418476 -80.332466521 4.974190 3.00 0.50
40.485414195 -80.332465023 4.974190 3.00 0.50
40.485409914 -80.332463526 4.974190 3.00 0.50
40.485405633 -80.332462028 4.974190 3.00 0.50
40.485401352 -80.332460530 4.974190 3.00 0.50
40.485397071 -80.332459033 4.974190 3.00 0.50
40.485392790 -80.332457535 4.974190 3.00 0.50
40.485388509 -80.332456037 4.974190 3.00 0.50
40.485384228 -80.332454540 4.974190 3.00 0.50
40.485379947 -80.332453042 5.105769 3.00 0.50
40.485375781 -80.332450785 5.368927 1.50 0.30
40.485372209 -80.332447191 5.632085 1.50 0.30
40.485369475 -80.332442507 5.819646 1.50 0.30
40.485368615 -80.332440261 5.744050 1.50 0.30
40.485366300 -80.332435207 5.480892 1.50 0.30
40.485363057 -80.332431114 5.217734 1.50 0.30
40.485359111 -80.332428264 4.954576 1.50 0.30
40.485354732 -80.332426852 4.691418 1.50 0.30
40.485350223 -80.332426975 4.428261 1.50 0.30
40.485345893 -80.332428626 4.165103 1.50 0.30
40.485342042 -80.332431690 3.901945 1.50 0.30
40.485338934 -80.332435957 3.638787 1.50 0.30
40.485336782 -80.332441132 3.375629 1.50 0.30
40.485335737 -80.332446860 3.112471 1.50 0.30
40.485335868 -80.332452746 2.849313 1.50 0.30
40.485337167 -80.332458385 2.586155 1.50 0.30
40.485339546 -80.332463388 2.322997 1.50 0.30
40.485342839 -80.332467412 2.059840 1.50 0.30
40.485346821 -80.332470178 1.796682 1.50 0.30
40.485351216 -80.332471497 1.533524 1.50 0.30
40.485355723 -80.332471277 1.270366 1.50 0.30
40.485360031 -80.332469535 1.047688 1.50 0.30
40.485362741 -80.332467495 1.088169 1.50 0.30
40.485366736 -80.332464762 1.351326 1.50 0.30
40.485371138 -80.332463480 1.614484 1.50 0.30
40.485375644 -80.332463737 1.789328 1.50 0.30
40.485377095 -80.332464158 1.832593 1.50 0.30
40.485381399 -80.332465664 1.832593 3.00 0.50
40.485385703 -80.332467169 1.832593 3.00 0.50
40.485390008 -80.332468675 1.832593 3.00 0.50
40.485394312 -80.332470181 1.832593 3.00 0.50
40.485398616 -80.332471687 1.832593 3.00 0.50
40.485402920 -80.332473192 1.832593 3.00 0.50
40.485407224 -80.332474698 1.832593 3.00 0.50
40.485411529 -80.332476204 1.832593 3.00 0.50
40.485415833 -80.332477710 1.832593 3.00 0.50
40.485420137 -80.332479215 1.832593 3.00 0.50
40.485424441 -80.332480721 1.832593 3.00 0.50
40.485428746 -80.332482227 1.832593 3.00 0.50
40.485433050 -80.332483733 1.832593 3.00 0.50
40.485437354 -80.332485238 1.832593 3.00 0.50
40.485441658 -80.332486744 1.832593 3.00 0.50
40.485445962 -80.332488250 1.832593 3.00 0.50
40.485450267 -80.332489756 1.832593 3.00 0.50
40.485454571 -80.332491261 1.832593 3.00 0.50
40.485458875 -80.332492767 1.832593 3.00 0.50
40.485463179 -80.332494273 1.832593 3.00 0.50
40.485467484 -80.332495779 1.832593 3.00 0.50
40.485471788 -80.332497284 1.832593 3.00 0.50
40.485476092 -80.332498790 1.832593 3.00 0.50
40.485480396 -80.332500296 1.832593 3.00 0.50
40.485484700 -80.332501801 1.832593 3.00 0.50
40.485489005 -80.332503307 1.832593 3.00 0.50
40.485493309 -80.332504813 1.832593 3.00 0.50
40.485497613 -80.332506319 1.832593 3.00 0.50
40.485501917 -80.332507824 1.832593 3.00 0.50
40.485506221 -80.332509330 1.832593 3.00 0.50
40.485510526 -80.332510836 1.832593 3.00 0.50
40.485514830 -80.332512342 1.832593 3.00 0.50
40.485519134 -80.332513847 1.832593 3.00 0.50
40.485523438 -80.332515353 1.832593 3.00 0.50
40.485527742 -80.332516859 1.832593 3.00 0.50
40.485532047 -80.332518365 1.832593 3.00 0.50
40.485536351 -80.332519870 1.832593 3.00 0.50
40.485540655 -80.332521376 1.832593 3.00 0.50
40.485544959 -80.332522882 1.832593 3.00 0.50
40.485549264 -80.332524388 1.832593 3.00 0.50
40.485553568 -80.332525893 1.832593 3.00 0.50
40.485557872 -80.332527399 1.701014 3.00 0.50
40.485562344 -80.332528164 1.437856 1.50 0.30
40.485566814 -80.332527383 1.174698 1.50 0.30
40.485570975 -80.332525111 0.988194 1.50 0.30
40.485572551 -80.332523756 1.064847 1.50 0.30
40.485576496 -80.332520902 1.328005 1.50 0.30
40.485580874 -80.332519486 1.591163 1.50 0.30
40.485585384 -80.332519606 1.854321 1.50 0.30
40.485589714 -80.332521253 2.117479 1.50 0.30
40.485593567 -80.332524314 2.380636 1.50 0.30
40.485596677 -80.332528579 2.643794 1.50 0.30
40.485598831 -80.332533753 2.906952 1.50 0.30
40.485599879 -80.332539480 3.170110 1.50 0.30
40.485599751 -80.332545366 3.433268 1.50 0.30
40.485598454 -80.332551006 3.696426 1.50 0.30
40.485596078 -80.332556011 3.959584 1.50 0.30
40.485592786 -80.332560037 4.222742 1.50 0.30
40.485588806 -80.332562806 4.485900 1.50 0.30
40.485584411 -80.332564128 4.749057 1.50 0.30
40.485579904 -80.332563913 5.012215 1.50 0.30
40.485575595 -80.332562173 5.275373 1.50 0.30
40.485571781 -80.332559031 5.538531 1.50 0.30
40.485568724 -80.332554701 5.761244 1.50 0.30
40.485567164 -80.332551160 5.720799 1.50 0.30
40.485564759 -80.332546178 5.457641 1.50 0.30
40.485561445 -80.332542185 5.194483 1.50 0.30
40.485557449 -80.332539455 5.018546 1.50 0.30
40.485555995 -80.332538855 4.974187 1.50 0.30
40.485551668 -80.332537341 4.974187 3.00 0.50
40.485547340 -80.332535827 4.974187 3.00 0.50
40.485543013 -80.332534313 4.974187 3.00 0.50
40.485538685 -80.332532800 4.974187 3.00 0.50
40.485534358 -80.332531286 4.974187 3.00 0.50
40.485530031 -80.332529772 4.974187 3.00 0.50
40.485525703 -80.332528258 4.974187 3.00 0.50
40.485521376 -80.332526744 4.974187 3.00 0.50
40.485517048 -80.332525230 4.974187 3.00 0.50
40.485512721 -80.332523716 4.974187 3.00 0.50
40.485508394 -80.332522203 4.974187 3.00 0.50
40.485504066 -80.332520689 4.974187 3.00 0.50
40.485499739 -80.332519175 4.974187 3.00 0.50
40.485495411 -80.332517661 4.974187 3.00 0.50
40.485491084 -80.332516147 4.974187 3.00 0.50
40.485486757 -80.332514633 4.974187 3.00 0.50
40.485482429 -80.332513119 4.974187 3.00 0.50
40.485478102 -80.332511606 4.974187 3.00 0.50
40.485473774 -80.332510092 4.974187 3.00 0.50
40.485469447 -80.332508578 4.974187 3.00 0.50
40.485465119 -80.332507064 4.974187 3.00 0.50
40.485460792 -80.332505550 4.974187 3.00 0.50
40.485456465 -80.332504036 4.974187 3.00 0.50
40.485452137 -80.332502522 4.974187 3.00 0.50
40.485447810 -80.332501009 4.974187 3.00 0.50
40.485443482 -80.332499495 4.974187 3.00 0.50
40.485439155 -80.332497981 4.974187 3.00 0.50
40.485434828 -80.332496467 4.974187 3.00 0.50
40.485430500 -80.332494953 4.974187 3.00 0.50
40.485426173 -80.332493439 4.974187 3.00 0.50
40.485421845 -80.332491925 4.974187 3.00 0.50
40.485417518 -80.332490412 4.974187 3.00 0.50
40.485413191 -80.332488898 4.974187 3.00 0.50
40.485408863 -80.332487384 4.974187 3.00 0.50
40.485404536 -80.332485870 4.974187 3.00 0.50
40.485400208 -80.332484356 4.974187 3.00 0.50
40.485395881 -80.332482842 4.974187 3.00 0.50
40.485391554 -80.332481328 4.974187 3.00 0.50
40.485387226 -80.332479815 4.974187 3.00 0.50
40.485382899 -80.332478301 4.974187 3.00 0.50
40.485378571 -80.332476787 4.974187 3.00 0.50
40.485374244 -80.332475273 5.105766 3.00 0.50
40.485370078 -80.332473016 5.368924 1.50 0.30
40.485366506 -80.332469422 5.632081 1.50 0.30
40.485363772 -80.332464738 5.819645 1.50 0.30
40.485362912 -80.332462492 5.744051 1.50 0.30
40.485360597 -80.332457438 5.480893 1.50 0.30
40.485357354 -80.332453345 5.217735 1.50 0.30
40.485353408 -80.332450495 4.954577 1.50 0.30
40.485349029 -80.332449083 4.691420 1.50 0.30
40.485344520 -80.332449206 4.428262 1.50 0.30
40.485340190 -80.332450857 4.165104 1.50 0.30
40.485336339 -80.332453921 3.901946 1.50 0.30
40.485333231 -80.332458188 3.638788 1.50 0.30
40.485331079 -80.332463363 3.375630 1.50 0.30
40.485330033 -80.332469091 3.112472 1.50 0.30
40.485330165 -80.332474977 2.849314 1.50 0.30
40.485331464 -80.332480616 2.586156 1.50 0.30
40.485333843 -80.332485619 2.322998 1.50 0.30
40.485337136 -80.332489642 2.059841 1.50 0.30
40.485341117 -80.332492409 1.796683 1.50 0.30
40.485345513 -80.332493728 1.533525 1.50 0.30
40.485350020 -80.332493508 1.270367 1.50 0.30
40.485354328 -80.332491766 1.047670 1.50 0.30
40.485357038 -80.332489725 1.088132 1.50 0.30
40.485361033 -80.332486992 1.351290 1.50 0.30
40.485365435 -80.332485710 1.614448 1.50 0.30
40.485369941 -80.332485967 1.789311 1.50 0.30
40.485371393 -80.332486388 1.832595 1.50 0.30
40.485375744 -80.332487910 1.832595 3.00 0.50
40.485380094 -80.332489432 1.832595 3.00 0.50
40.485384445 -80.332490954 1.832595 3.00 0.50
40.485388795 -80.332492476 1.832595 3.00 0.50
40.485393146 -80.332493998 1.832595 3.00 0.50
40.485397497 -80.332495520 1.832595 3.00 0.50
40.485401847 -80.332497042 1.832595 3.00 0.50
40.485406198 -80.332498564 1.832595 3.00 0.50
40.485410548 -80.332500086 1.832595 3.00 0.50
40.485414899 -80.332501608 1.832595 3.00 0.50
40.485419250 -80.332503130 1.832595 3.00 0.50
40.485423600 -80.332504652 1.832595 3.00 0.50
40.485427951 -80.332506174 1.832595 3.00 0.50
40.485432301 -80.332507696 1.832595 3.00 0.50
40.485436652 -80.332509218 1.832595 3.00 0.50
40.485441003 -80.332510740 1.832595 3.00 0.50
40.485445353 -80.332512262 1.832595 3.00 0.50
40.485449704 -80.332513784 1.832595 3.00 0.50
40.485454054 -80.332515306 1.832595 3.00 0.50
40.485458405 -80.332516828 1.832595 3.00 0.50
40.485462756 -80.332518350 1.832595 3.00 0.50
40.485467106 -80.332519871 1.832595 3.00 0.50
40.485471457 -80.332521393 1.832595 3.00 0.50
40.485475807 -80.332522915 1.832595 3.00 0.50
40.485480158 -80.332524437 1.832595 3.00 0.50
40.485484508 -80.332525959 1.832595 3.00 0.50
40.485488859 -80.332527481 1.832595 3.00 0.50
40.485493210 -80.332529003 1.832595 3.00 0.50
40.485497560 -80.332530525 1.832595 3.00 0.50
40.485501911 -80.332532047 1.832595 3.00 0.50
40.485506261 -80.332533569 1.832595 3.00 0.50
40.485510612 -80.332535091 1.832595 3.00 0.50
40.485514963 -80.332536613 1.832595 3.00 0.50
40.485519313 -80.332538135 1.832595 3.00 0.50
40.485523664 -80.332539657 1.832595 3.00 0.50
40.485528014 -80.332541179 1.832595 3.00 0.50
40.485532365 -80.332542701 1.832595 3.00 0.50
40.485536716 -80.332544223 1.832595 3.00 0.50
40.485541066 -80.332545745 1.832595 3.00 0.50
40.485545417 -80.332547267 1.832595 3.00 0.50
40.485549767 -80.332548789 1.832595 3.00 0.50
40.485554118 -80.332550311 1.701016 3.00 0.50
40.485558590 -80.332551076 1.437858 1.50 0.30
40.485563060 -80.332550295 1.174700 1.50 0.30
40.485567221 -80.332548023 0.988200 1.50 0.30
40.485568797 -80.332546668 1.064858 1.50 0.30
40.485572742 -80.332543814 1.328016 1.50 0.30
40.485577120 -80.332542398 1.591174 1.50 0.30
40.485581630 -80.332542518 1.854332 1.50 0.30
40.485585960 -80.332544166 2.117490 1.50 0.30
40.485589813 -80.332547227 2.380648 1.50 0.30
40.485592923 -80.332551491 2.643805 1.50 0.30
40.485595076 -80.332556665 2.906963 1.50 0.30
40.485596125 -80.332562392 3.170121 1.50 0.30
40.485595996 -80.332568278 3.433279 1.50 0.30
40.485594699 -80.332573918 3.696437 1.50 0.30
40.485592323 -80.332578923 3.959595 1.50 0.30
40.485589032 -80.332582949 4.222753 1.50 0.30
40.485585051 -80.332585719 4.485911 1.50 0.30
40.485580656 -80.332587041 4.749069 1.50 0.30
40.485576149 -80.332586825 5.012227 1.50 0.30
40.485571840 -80.332585086 5.275384 1.50 0.30
40.485568026 -80.332581943 5.538542 1.50 0.30
40.485564970 -80.332577613 5.761241 1.50 0.30
40.485563410 -80.332574073 5.720783 1.50 0.30
40.485561005 -80.332569091 5.457625 1.50 0.30
40.485557690 -80.332565098 5.194467 1.50 0.30
40.485553694 -80.332562368 5.018538 1.50 0.30
40.485552241 -80.332561768 4.974189 1.50 0.30
40.485547969 -80.332560273 4.974189 3.00 0.50
40.485543697 -80.332558779 4.974189 3.00 0.50
40.485539425 -80.332557284 4.974189 3.00 0.50
40.485535153 -80.332555790 4.974189 3.00 0.50
40.485530881 -80.332554295 4.974189 3.00 0.50
40.485526609 -80.332552801 4.974189 3.00 0.50
40.485522337 -80.332551306 4.974189 3.00 0.50
40.485518064 -80.332549812 4.974189 3.00 0.50
40.485513792 -80.332548317 4.974189 3.00 0.50
40.485509520 -80.332546823 4.974189 3.00 0.50
40.485505248 -80.332545328 4.974189 3.00 0.50
40.485500976 -80.332543834 4.974189 3.00 0.50
40.485496704 -80.332542339 4.974189 3.00 0.50
40.485492432 -80.332540845 4.974189 3.00 0.50
40.485488160 -80.332539350 4.974189 3.00 0.50
40.485483888 -80.332537856 4.974189 3.00 0.50
40.485479616 -80.332536361 4.974189 3.00 0.50
40.485475344 -80.332534867 4.974189 3.00 0.50
40.485471072 -80.332533372 4.974189 3.00 0.50
40.485466800 -80.332531878 4.974189 3.00 0.50
40.485462528 -80.332530383 4.974189 3.00 0.50
40.485458255 -80.332528889 4.974189 3.00 0.50
40.485453983 -80.332527394 4.974189 3.00 0.50
40.485449711 -80.332525900 4.974189 3.00 0.50
40.485445439 -80.332524405 4.974189 3.00 0.50
40.485441167 -80.332522911 4.974189 3.00 0.50
40.485436895 -80.332521416 4.974189 3.00 0.50
40.485432623 -80.332519922 4.974189 3.00 0.50
40.485428351 -80.332518427 4.974189 3.00 0.50
40.485424079 -80.332516933 4.974189 3.00 0.50
40.485419807 -80.332515438 4.974189 3.00 0.50
40.485415535 -80.332513944 4.974189 3.00 0.50
40.485411263 -80.332512449 4.974189 3.00 0.50
40.485406991 -80.332510955 4.974189 3.00 0.50
40.485402719 -80.332509460 4.974189 3.00 0.50
40.485398446 -80.332507966 4.974189 3.00 0.50
40.485394174 -80.332506471 4.974189 3.00 0.50
40.485389902 -80.332504977 4.974189 3.00 0.50
40.485385630 -80.332503482 4.974189 3.00 0.50
40.485381358 -80.332501988 4.974189 3.00 0.50
40.485377086 -80.332500493 4.974189 3.00 0.50
40.485372814 -80.332498999 4.974189 3.00 0.50
40.485368542 -80.332497504 5.105768 3.00 0.50
40.485364376 -80.332495247 5.368926 1.50 0.30
40.485360804 -80.332491653 5.632084 1.50 0.30
40.485358070 -80.332486969 5.819655 1.50 0.30
40.485357210 -80.332484722 5.744069 1.50 0.30
40.485354895 -80.332479669 5.480911 1.50 0.30
40.485351652 -80.332475576 5.217754 1.50 0.30
40.485347706 -80.332472725 4.954596 1.50 0.30
40.485343327 -80.332471313 4.691438 1.50 0.30
40.485338818 -80.332471436 4.428280 1.50 0.30
40.485334488 -80.332473087 4.165122 1.50 0.30
40.485330637 -80.332476151 3.901964 1.50 0.30
40.485327529 -80.332480418 3.638806 1.50 0.30
40.485325377 -80.332485593 3.375648 1.50 0.30
40.485324331 -80.332491321 3.112490 1.50 0.30
40.485324463 -80.332497207 2.849332 1.50 0.30
40.485325762 -80.332502846 2.586175 1.50 0.30
40.485328140 -80.332507849 2.323017 1.50 0.30
40.485331433 -80.332511872 2.059859 1.50 0.30
40.485335415 -80.332514639 1.796701 1.50 0.30
40.485339811 -80.332515958 1.533543 1.50 0.30
40.485344318 -80.332515739 1.270385 1.50 0.30
40.485348626 -80.332513996 1.047694 1.50 0.30
40.485351335 -80.332511956 1.088160 1.50 0.30
40.485355330 -80.332509223 1.351318 1.50 0.30
40.485359732 -80.332507941 1.614476 1.50 0.30
40.485364238 -80.332508198 1.789325 1.50 0.30
40.485365690 -80.332508619 1.832596 1.50 0.30
40.485369985 -80.332510121 1.832596 3.00 0.50
40.485374279 -80.332511624 1.832596 3.00 0.50
40.485378574 -80.332513126 1.832596 3.00 0.50
40.485382869 -80.332514629 1.832596 3.00 0.50
40.485387164 -80.332516131 1.832596 3.00 0.50
40.485391458 -80.332517634 1.832596 3.00 0.50
40.485395753 -80.332519136 1.832596 3.00 0.50
40.485400048 -80.332520639 1.832596 3.00 0.50
40.485404343 -80.332522141 1.832596 3.00 0.50
40.485408637 -80.332523643 1.832596 3.00 0.50
40.485412932 -80.332525146 1.832596 3.00 0.50
40.485417227 -80.332526648 1.832596 3.00 0.50
40.485421522 -80.332528151 1.832596 3.00 0.50
40.485425816 -80.332529653 1.832596 3.00 0.50
40.485430111 -80.332531156 1.832596 3.00 0.50
40.485434406 -80.332532658 1.832596 3.00 0.50
40.485438701 -80.332534161 1.832596 3.00 0.50
40.485442995 -80.332535663 1.832596 3.00 0.50
40.485447290 -80.332537165 1.832596 3.00 0.50
40.485451585 -80.332538668 1.832596 3.00 0.50
40.485455880 -80.332540170 1.832596 3.00 0.50
40.485460174 -80.332541673 1.832596 3.00 0.50
40.485464469 -80.332543175 1.832596 3.00 0.50
40.485468764 -80.332544678 1.832596 3.00 0.50
40.485473059 -80.332546180 1.832596 3.00 0.50
40.485477353 -80.332547682 1.832596 3.00 0.50
40.485481648 -80.332549185 1.832596 3.00 0.50
40.485485943 -80.332550687 1.832596 3.00 0.50
40.485490238 -80.332552190 1.832596 3.00 0.50
40.485494532 -80.332553692 1.832596 3.00 0.50
40.485498827 -80.332555195 1.832596 3.00 0.50
40.485503122 -80.332556697 1.832596 3.00 0.50
40.485507417 -80.332558200 1.832596 3.00 0.50
40.485511711 -80.332559702 1.832596 3.00 0.50
40.485516006 -80.332561204 1.832596 3.00 0.50
40.485520301 -80.332562707 1.832596 3.00 0.50
40.485524596 -80.332564209 1.832596 3.00 0.50
40.485528890 -80.332565712 1.832596 3.00 0.50
40.485533185 -80.332567214 1.832596 3.00 0.50
40.485537480 -80.332568717 1.832596 3.00 0.50
40.485541775 -80.332570219 1.832596 3.00 0.50
40.485546069 -80.332571722 1.832596 3.00 0.50
40.485550364 -80.332573224 1.701017 3.00 0.50
40.485554836 -80.332573989 1.437859 1.50 0.30
40.485559306 -80.332573208 1.174701 1.50 0.30
40.485563467 -80.332570936 0.988196 1.50 0.30
40.485565043 -80.332569581 1.064849 1.50 0.30
40.485568988 -80.332566727 1.328007 1.50 0.30
40.485573366 -80.332565311 1.591165 1.50 0.30
40.485577876 -80.332565431 1.854323 1.50 0.30
40.485582206 -80.332567078 2.117480 1.50 0.30
40.485586059 -80.332570140 2.380638 1.50 0.30
40.485589169 -80.332574404 2.643796 1.50 0.30
40.485591323 -80.332579578 2.906954 1.50 0.30
40.485592371 -80.332585305 3.170112 1.50 0.30
40.485592243 -80.332591191 3.433270 1.50 0.30
40.485590946 -80.332596831 3.696428 1.50 0.30
40.485588570 -80.332601836 3.959586 1.50 0.30
40.485585278 -80.332605862 4.222744 1.50 0.30
40.485581298 -80.332608631 4.485902 1.50 0.30
40.485576903 -80.332609953 4.749059 1.50 0.30
40.485572396 -80.332609738 5.012217 1.50 0.30
40.485568087 -80.332607998 5.275375 1.50 0.30
40.485564273 -80.332604856 5.538533 1.50 0.30
40.485561216 -80.332600526 5.761246 1.50 0.30
40.485559656 -80.332596985 5.720801 1.50 0.30
40.485557251 -80.332592003 5.457643 1.50 0.30
40.485553937 -80.332588010 5.194485 1.50 0.30
40.485549941 -80.332585280 5.018548 1.50 0.30
40.485548487 -80.332584680 4.974189 1.50 0.30
40.485544197 -80.332583179 4.974189 3.00 0.50
40.485539907 -80.332581678 4.974189 3.00 0.50
40.485535617 -80.332580178 4.974189 3.00 0.50
40.485531327 -80.332578677 4.974189 3.00 0.50
40.485527037 -80.332577176 4.974189 3.00 0.50
40.485522747 -80.332575675 4.974189 3.00 0.50
40.485518457 -80.332574174 4.974189 3.00 0.50
40.485514166 -80.332572674 4.974189 3.00 0.50
40.485509876 -80.332571173 4.974189 3.00 0.50
40.485505586 -80.332569672 4.974189 3.00 0.50
40.485501296 -80.332568171 4.974189 3.00 0.50
40.485497006 -80.332566670 4.974189 3.00 0.50
40.485492716 -80.332565169 4.974189 3.00 0.50
40.485488426 -80.332563669 4.974189 3.00 0.50
40.485484136 -80.332562168 4.974189 3.00 0.50
40.485479846 -80.332560667 4.974189 3.00 0.50
40.485475556 -80.332559166 4.974189 3.00 0.50
40.485471266 -80.332557665 4.974189 3.00 0.50
40.485466976 -80.332556165 4.974189 3.00 0.50
40.485462686 -80.332554664 4.974189 3.00 0.50
40.485458396 -80.332553163 4.974189 3.00 0.50
40.485454105 -80.332551662 4.974189 3.00 0.50
40.485449815 -80.332550161 4.974189 3.00 0.50
40.485445525 -80.332548661 4.974189 3.00 0.50
40.485441235 -80.332547160 4.974189 3.00 0.50
40.485436945 -80.332545659 4.974189 3.00 0.50
40.485432655 -80.332544158 4.974189 3.00 0.50
40.485428365 -80.332542657 4.974189 3.00 0.50
40.485424075 -80.332541157 4.974189 3.00 0.50
40.485419785 -80.332539656 4.974189 3.00 0.50
40.485415495 -80.332538155 4.974189 3.00 0.50
40.485411205 -80.332536654 4.974189 3.00 0.50
40.485406915 -80.332535153 4.974189 3.00 0.50
40.485402625 -80.332533652 4.974189 3.00 0.50
40.485398334 -80.332532152 4.974189 3.00 0.50
40.485394044 -80.332530651 4.974189 3.00 0.50
40.485389754 -80.332529150 4.974189 3.00 0.50
40.485385464 -80.332527649 4.974189 3.00 0.50
40.485381174 -80.332526148 4.974189 3.00 0.50
40.485376884 -80.332524648 4.974189 3.00 0.50
40.485372594 -80.332523147 4.974189 3.00 0.50
40.485368304 -80.332521646 4.974189 3.00 0.50
